48 48
0 0 0 0 0 0 0 0 0 0 0 0 0 0 0 0 0 0 0 0 0 0 0 0 5 0 0 0 0 0 0 0 0 0 0 0 0 0 0 0 0 0 0 0 0 0 0 0
0 0 0 0 0 0 0 0 0 0 0 0 0 0 0 0 0 9 5 6 5 5 5 5 5 5 5 5 5 5 0 0 0 0 0 0 0 0 0 0 0 0 0 0 0 0 0 0
0 0 0 0 0 0 0 0 0 0 0 0 0 0 0 0 10 8 5 5 5 5 5 5 5 5 5 5 5 5 4 0 0 0 0 0 0 0 0 0 0 0 0 0 0 0 0 0
0 0 0 0 0 0 0 0 0 0 0 0 0 0 0 5 6 6 5 5 5 5 5 5 6 5 5 5 5 5 6 10 0 0 0 0 0 0 0 0 0 0 0 0 0 0 0 0
0 0 0 0 0 0 0 0 0 0 0 0 0 0 0 14 5 5 5 5 5 5 5 5 5 5 5 5 5 5 5 5 11 0 0 0 0 0 0 0 0 0 0 0 0 0 0 0
0 0 0 0 0 0 0 0 0 0 0 0 0 0 0 8 5 5 5 5 5 5 5 5 5 5 5 5 5 5 5 5 5 10 0 0 0 0 0 0 0 0 0 0 0 0 0 0
0 0 0 0 0 0 0 0 0 0 0 0 0 0 0 5 5 5 5 5 5 5 5 5 5 5 6 5 5 5 5 5 5 5 5 0 0 0 0 0 0 0 0 0 0 0 0 0
0 0 0 0 0 0 0 0 0 0 0 0 0 0 5 5 5 5 5 5 5 5 5 6 6 6 6 6 6 5 5 5 5 5 5 5 0 0 0 0 0 0 0 0 0 0 0 0
0 0 0 0 0 0 0 0 0 0 0 0 0 0 5 5 5 6 5 5 5 4 4 4 4 4 4 4 4 5 5 5 5 5 5 5 0 0 0 0 0 0 0 0 0 0 0 0
0 0 0 0 0 0 0 0 0 0 0 0 0 5 5 5 6 5 2 2 2 2 2 2 2 2 2 2 2 2 11 11 5 5 5 5 0 0 0 0 0 0 0 0 0 0 0 0
0 0 0 0 0 0 0 0 0 0 0 0 0 5 5 5 6 2 2 2 2 2 2 2 2 2 2 2 2 2 11 11 11 6 5 5 5 0 0 0 0 0 0 0 0 0 0 0
0 0 0 0 0 0 0 0 0 0 0 0 0 5 5 5 2 2 2 2 2 2 2 2 2 2 2 2 2 2 2 11 11 11 5 5 6 0 0 0 0 0 0 0 0 0 0 0
0 0 0 0 0 0 0 0 0 0 0 0 0 5 5 5 2 2 2 2 2 2 2 2 2 2 2 2 2 2 2 11 11 11 6 5 5 0 0 0 0 0 0 0 0 0 0 0
0 0 0 0 0 0 0 0 0 0 0 0 5 5 5 5 2 2 2 2 2 2 2 2 2 2 2 2 2 2 2 2 11 11 11 5 5 5 0 0 0 0 0 0 0 0 0 0
0 0 0 0 0 0 0 0 0 0 0 0 5 5 5 12 2 2 2 2 2 2 2 2 2 2 2 2 2 2 2 2 2 2 11 5 5 5 0 0 0 0 0 0 0 0 0 0
0 0 0 0 0 0 0 0 0 0 0 0 5 5 5 11 2 2 2 2 2 2 2 2 2 2 2 2 2 2 2 2 2 2 11 5 5 5 0 0 0 0 0 0 0 0 0 0
0 0 0 0 0 0 0 0 0 0 0 0 5 6 5 2 2 2 4 6 6 6 4 2 2 2 2 2 2 4 4 4 4 2 11 12 5 5 0 0 0 0 0 0 0 0 0 0
0 0 0 0 0 0 0 0 0 0 0 0 5 5 12 11 2 6 6 6 6 6 6 6 2 2 2 2 8 6 6 6 6 6 12 11 5 5 0 0 0 0 0 0 0 0 0 0
0 0 0 0 0 0 0 0 0 0 0 0 5 5 11 11 6 6 4 2 6 6 6 6 4 2 2 11 6 6 6 6 6 6 6 11 5 5 0 0 0 0 0 0 0 0 0 0
0 0 0 0 0 0 0 0 0 0 0 0 5 5 11 11 11 11 6 2 2 11 12 6 8 2 2 6 6 12 2 11 11 11 6 11 5 5 0 0 0 0 0 0 0 0 0 0
0 0 0 0 0 0 0 0 0 0 0 0 5 5 11 11 11 11 12 5 5 5 6 11 11 2 2 6 12 6 5 5 12 6 11 11 6 5 0 0 0 0 0 0 0 0 0 0
0 0 0 0 0 0 0 0 0 0 0 0 5 5 11 2 2 2 6 11 11 11 11 12 11 2 2 6 4 11 11 5 6 11 2 11 6 5 0 0 0 0 0 0 0 0 0 0
0 0 0 0 0 0 0 0 0 0 5 11 5 5 11 2 2 2 2 2 2 2 2 11 11 2 2 6 4 2 2 11 11 2 2 2 6 5 11 1 0 0 0 0 0 0 0 0
0 0 0 0 0 0 0 0 0 0 10 11 11 6 11 2 2 2 2 2 2 2 2 11 11 2 2 6 11 2 2 2 2 2 2 2 6 11 11 1 0 0 0 0 0 0 0 0
0 0 0 0 0 0 0 0 0 0 0 11 11 6 11 2 2 2 2 2 2 2 2 12 2 2 2 6 11 2 2 2 2 2 2 2 12 11 11 1 0 0 0 0 0 0 0 0
0 0 0 0 0 0 0 0 0 0 0 11 11 11 6 4 2 2 2 2 2 2 2 4 2 2 2 2 6 2 2 2 2 2 2 4 6 11 11 1 0 0 0 0 0 0 0 0
0 0 0 0 0 0 0 0 0 0 0 11 11 11 6 11 2 2 2 2 2 2 4 2 2 2 2 6 6 2 2 2 2 2 2 11 6 11 11 1 0 0 0 0 0 0 0 0
0 0 0 0 0 0 0 0 0 0 5 11 11 11 6 12 2 2 2 2 2 2 11 6 6 6 6 6 6 2 2 2 2 2 4 11 6 11 11 8 0 0 0 0 0 0 0 0
0 0 0 0 0 0 0 0 0 0 5 11 11 11 6 6 11 2 2 2 2 2 2 6 6 6 6 6 6 2 2 2 2 2 11 12 6 11 11 8 0 0 0 0 0 0 0 0
0 0 0 0 0 0 0 0 0 0 14 11 11 11 6 6 11 2 2 2 2 2 2 8 6 8 11 8 12 2 2 2 2 2 11 12 6 11 11 6 0 0 0 0 0 0 0 0
0 0 0 0 0 0 0 0 0 0 0 11 11 11 6 6 11 2 2 2 2 2 12 6 6 11 8 11 6 11 2 2 2 2 11 6 6 11 11 1 0 0 0 0 0 0 0 0
0 0 0 0 0 0 0 0 0 0 0 8 11 11 6 6 6 11 2 2 11 6 6 4 4 4 4 2 6 6 6 12 2 4 11 6 6 11 8 0 0 0 0 0 0 0 0 0
0 0 0 0 0 0 0 0 0 0 0 0 0 0 5 6 6 11 4 11 11 6 8 5 5 5 5 5 5 5 6 6 11 11 6 6 5 0 0 0 0 0 0 0 0 0 0 0
0 0 0 0 0 0 0 0 0 0 0 0 0 0 0 6 6 11 11 11 11 8 2 2 2 2 2 2 2 2 8 11 11 11 6 6 5 0 0 0 0 0 0 0 0 0 0 0
0 0 0 0 0 0 0 0 0 0 0 0 0 0 0 6 6 11 11 11 11 2 2 2 4 11 11 11 11 2 2 6 11 6 6 6 0 0 0 0 0 0 0 0 0 0 0 0
0 0 0 0 0 0 0 0 0 0 0 0 0 0 0 5 6 6 6 11 6 2 2 11 8 6 6 6 11 2 2 11 6 6 6 6 0 0 0 0 0 0 0 0 0 0 0 0
0 0 0 0 0 0 0 0 0 0 0 0 0 0 0 6 5 6 6 6 6 6 4 2 2 6 12 2 2 2 6 6 6 6 6 5 0 0 0 0 0 0 0 0 0 0 0 0
0 0 0 0 0 0 0 0 0 0 0 0 0 0 0 11 6 6 6 6 6 6 11 2 2 2 2 2 2 11 6 6 6 6 5 5 0 0 0 0 0 0 0 0 0 0 0 0
0 0 0 0 0 0 0 0 0 0 0 0 0 0 0 11 6 5 6 6 6 6 8 2 2 2 2 2 4 6 12 6 6 6 6 5 0 0 0 0 0 0 0 0 0 0 0 0
0 0 0 0 0 0 0 0 0 0 0 0 0 0 0 11 11 6 5 6 6 6 12 11 4 11 11 2 11 6 6 6 6 5 6 5 0 0 0 0 0 0 0 0 0 0 0 0
0 0 0 0 0 0 0 0 0 0 0 0 0 0 0 11 11 12 6 5 6 6 6 6 11 11 6 11 6 6 6 6 6 6 6 5 0 0 0 0 0 0 0 0 0 0 0 0
0 0 0 0 0 0 0 0 0 0 0 0 0 0 0 11 11 11 6 6 6 6 6 6 12 12 6 12 6 6 6 6 6 6 6 5 0 0 0 0 0 0 0 0 0 0 0 0
0 0 0 0 0 0 0 0 0 0 0 0 0 0 0 11 11 11 12 6 6 6 6 5 5 5 5 5 5 6 6 6 6 6 11 5 0 0 0 0 0 0 0 0 0 0 0 0
0 0 0 0 0 0 0 0 0 0 0 0 0 5 11 11 11 11 11 6 6 6 6 6 6 6 6 6 6 6 6 6 6 11 11 5 0 0 0 0 0 0 0 0 0 0 0 0
0 0 0 0 0 0 0 0 0 0 0 5 5 8 11 11 11 11 11 11 12 6 6 6 6 6 6 6 6 6 6 6 11 11 11 5 8 0 0 0 0 0 0 0 0 0 0 0
0 0 0 0 0 0 0 0 0 5 5 5 5 10 11 11 11 11 11 11 11 11 11 6 6 12 12 11 6 6 12 11 11 11 11 5 5 5 5 0 0 0 0 0 0 0 0 0
0 0 0 0 0 0 0 0 9 0 9 9 9 0 0 0 0 0 0 0 0 0 0 0 0 0 0 0 0 0 0 0 0 0 0 9 9 9 9 0 0 0 0 0 0 0 0 0
0 0 0 0 0 0 0 0 0 0 0 0 0 0 0 0 0 0 0 0 0 0 0 0 0 0 0 0 0 0 0 0 0 0 0 0 0 0 0 0 0 0 0 0 0 0 0 0
