48 48
0 0 0 0 0 0 0 0 0 0 0 0 0 0 0 0 0 0 0 0 0 0 0 0 0 0 0 0 0 0 0 0 0 0 0 0 0 0 0 0 0 0 0 0 0 0 0 0
0 0 0 0 0 0 0 0 0 0 0 0 0 0 0 0 0 0 0 0 0 0 0 0 0 0 0 0 0 0 0 0 0 0 0 0 0 0 0 0 0 0 0 0 0 0 0 0
0 0 0 0 0 0 0 0 0 0 0 0 0 0 0 0 0 0 5 5 14 14 5 0 0 0 0 0 0 0 0 0 0 0 0 0 0 0 0 0 0 0 0 0 0 0 0 0
0 0 0 0 0 0 0 0 0 0 0 0 0 0 0 0 9 5 5 14 14 14 14 1 5 5 9 0 0 0 0 0 0 0 0 0 0 0 0 0 0 0 0 0 0 0 0 0
0 0 0 0 0 0 0 0 0 0 0 0 0 0 0 5 1 14 14 5 1 5 1 5 5 6 5 5 0 0 0 0 0 0 0 0 0 0 0 0 0 0 0 0 0 0 0 0
0 0 0 0 0 0 0 0 0 0 0 0 0 0 5 14 14 8 5 5 5 5 5 5 5 5 5 5 5 5 5 0 0 0 0 0 0 0 0 0 0 0 0 0 0 0 0 0
0 0 0 0 0 0 0 0 0 0 0 0 0 9 1 1 1 5 5 5 5 5 5 5 5 5 5 5 5 5 5 5 0 0 0 0 0 0 0 0 0 0 0 0 0 0 0 0
0 0 0 0 0 0 0 0 0 0 0 0 0 5 14 5 5 5 5 11 2 2 2 2 2 2 8 5 5 5 5 5 5 5 0 0 0 0 0 0 0 0 0 0 0 0 0 0
0 0 0 0 0 0 0 0 0 0 0 0 1 5 5 5 5 5 8 2 2 2 2 2 2 2 2 11 8 5 5 5 5 5 1 0 0 0 0 0 0 0 0 0 0 0 0 0
0 0 0 0 0 0 0 0 0 0 0 5 3 1 5 5 8 2 2 2 2 2 2 2 2 2 2 2 2 11 8 5 5 5 5 5 0 0 0 0 0 0 0 0 0 0 0 0
0 0 0 0 0 0 0 0 0 0 0 3 5 5 5 4 2 2 2 2 2 2 2 2 2 2 2 2 2 2 2 11 6 5 5 5 1 0 0 0 0 0 0 0 0 0 0 0
0 0 0 0 0 0 0 0 0 0 5 1 5 5 2 2 2 2 2 2 2 2 2 2 2 2 2 2 2 2 2 2 2 5 5 5 5 0 0 0 0 0 0 0 0 0 0 0
0 0 0 0 0 0 0 0 0 0 1 5 5 5 2 2 2 2 2 2 2 2 2 2 2 2 2 2 2 2 2 2 2 8 8 5 5 5 8 0 0 0 0 0 0 0 0 0
0 0 0 0 0 0 0 0 0 0 1 5 6 11 2 2 2 2 2 2 2 2 2 2 2 2 2 2 2 2 2 2 2 8 8 8 5 5 5 0 0 0 0 0 0 0 0 0
0 0 0 0 0 0 0 0 0 0 5 5 8 11 2 2 2 2 2 2 2 2 2 2 2 2 2 2 2 2 2 2 2 11 8 8 5 5 5 0 0 0 0 0 0 0 0 0
0 0 0 0 0 0 0 0 0 0 5 5 8 8 2 2 2 6 6 2 2 2 2 2 2 2 6 6 6 6 6 4 2 11 8 8 8 5 1 0 0 0 0 0 0 0 0 0
0 0 0 0 0 0 0 0 0 0 5 8 8 11 11 6 6 6 6 6 6 2 2 2 2 11 6 6 6 6 6 6 6 8 8 8 8 5 5 0 0 0 0 0 0 0 0 0
0 0 0 0 0 0 0 0 0 0 5 8 8 8 6 6 6 6 6 6 6 8 2 2 2 8 8 11 2 2 2 2 6 6 8 8 8 5 5 0 0 0 0 0 0 0 0 0
0 0 0 0 0 0 0 0 0 0 8 8 8 6 2 2 2 2 2 2 8 8 2 2 8 8 11 2 2 2 2 2 2 8 6 8 8 8 5 0 0 0 0 0 0 0 0 0
0 0 0 0 0 0 0 0 0 0 8 8 8 4 4 4 8 4 6 6 8 8 2 2 8 8 8 5 6 8 6 8 8 8 8 8 8 8 5 0 0 0 0 0 0 0 0 0
0 0 0 0 0 0 0 0 0 0 5 8 8 8 5 5 5 5 5 5 5 8 2 2 8 8 8 6 5 5 5 5 5 8 8 8 8 8 5 0 0 0 0 0 0 0 0 0
0 0 0 0 0 0 0 0 0 0 5 8 8 8 5 8 8 8 8 4 2 8 2 2 4 8 2 11 8 8 8 8 8 2 2 8 8 8 8 0 0 0 0 0 0 0 0 0
0 0 0 0 0 0 0 0 0 0 5 8 2 2 2 2 2 2 2 2 8 2 2 2 2 11 2 2 2 2 2 2 2 2 2 8 8 5 0 0 0 0 0 0 0 0 0 0
0 0 0 0 0 0 0 0 0 0 5 8 2 2 2 2 2 2 2 2 8 2 2 2 2 2 8 2 2 2 2 2 2 2 4 8 8 5 0 0 0 0 0 0 0 0 0 0
0 0 0 0 0 0 0 0 14 6 5 8 2 2 2 2 2 2 2 2 2 11 11 11 8 11 2 2 2 2 2 2 2 2 2 8 8 8 8 8 8 0 0 0 0 0 0 0
0 0 0 0 0 0 0 0 11 11 11 8 2 2 2 2 2 2 2 11 8 8 8 8 8 8 8 2 2 2 2 2 2 2 4 8 8 4 4 4 8 0 0 0 0 0 0 0
0 0 0 0 0 0 0 0 11 11 11 5 8 2 2 2 2 2 2 8 2 8 2 2 8 8 8 2 2 2 2 2 2 2 4 8 8 4 4 4 8 0 0 0 0 0 0 0
0 0 0 0 0 0 0 0 11 11 11 5 8 2 2 2 2 2 2 4 5 5 5 5 5 6 4 2 2 2 2 2 2 2 8 8 5 4 4 4 8 0 0 0 0 0 0 0
0 0 0 0 0 0 0 0 11 11 11 5 8 2 2 2 2 2 8 5 5 2 2 2 2 5 5 8 2 2 2 2 2 2 8 8 5 4 4 4 4 0 0 0 0 0 0 0
0 0 0 0 0 0 0 0 11 11 11 5 8 2 2 2 11 6 8 2 4 4 4 12 4 4 2 6 8 11 2 2 2 2 8 5 5 4 4 4 4 0 0 0 0 0 0 0
0 0 0 0 0 0 0 0 8 11 11 5 8 2 2 11 5 11 8 8 6 6 8 8 6 6 6 11 8 5 8 2 2 11 8 5 5 4 4 4 8 0 0 0 0 0 0 0
0 0 0 0 0 0 0 0 5 11 11 5 11 11 2 5 8 2 6 8 2 2 2 2 11 11 11 6 2 5 5 4 2 8 5 5 5 4 4 4 8 0 0 0 0 0 0 0
0 0 0 0 0 0 0 0 5 11 11 5 5 11 11 8 2 2 2 2 2 11 11 4 2 4 4 2 2 2 5 8 8 8 5 5 5 4 4 4 6 0 0 0 0 0 0 0
0 0 0 0 0 0 0 0 0 8 8 5 5 8 8 8 8 2 2 2 8 8 5 8 8 11 2 2 2 11 5 8 8 8 5 5 5 11 11 5 0 0 0 0 0 0 0 0
0 0 0 0 0 0 0 0 0 0 0 5 5 8 8 8 2 2 2 2 2 5 5 4 2 2 2 2 2 8 11 8 8 8 8 8 5 0 0 0 0 0 0 0 0 0 0 0
0 0 0 0 0 0 0 0 0 0 0 10 5 5 8 6 8 2 2 2 2 2 2 2 2 2 2 11 8 5 5 5 5 8 8 5 5 0 0 0 0 0 0 0 0 0 0 0
0 0 0 0 0 0 0 0 0 0 0 9 5 5 8 5 8 8 2 11 2 2 2 2 2 11 11 11 8 5 5 5 5 8 5 5 5 0 0 0 0 0 0 0 0 0 0 0
0 0 0 0 0 0 0 0 0 0 0 0 5 8 5 5 5 8 8 8 8 2 2 4 8 8 5 8 8 5 8 5 5 5 5 5 5 0 0 0 0 0 0 0 0 0 0 0
0 0 0 0 0 0 0 0 0 0 0 0 5 5 5 5 6 8 8 8 8 8 8 8 8 8 5 8 8 8 6 5 5 5 5 6 5 0 0 0 0 0 0 0 0 0 0 0
0 0 0 0 0 0 0 0 0 0 0 0 5 5 5 5 5 8 8 8 8 8 8 8 8 8 8 8 5 5 5 5 5 5 5 8 5 0 0 0 0 0 0 0 0 0 0 0
0 0 0 0 0 0 0 0 0 0 0 0 8 5 5 5 5 5 5 5 5 6 5 5 5 5 8 5 5 5 5 5 5 5 8 8 5 0 0 0 0 0 0 0 0 0 0 0
0 0 0 0 0 0 0 0 0 0 0 9 8 8 5 5 5 5 5 5 5 5 5 5 5 5 5 5 5 5 5 5 5 8 8 8 5 0 0 0 0 0 0 0 0 0 0 0
0 0 0 0 0 0 0 0 0 0 0 9 8 8 5 5 5 5 5 5 5 5 5 5 5 5 5 5 5 5 5 8 8 8 8 8 0 0 0 0 0 0 0 0 0 0 0 0
0 0 0 0 0 0 0 0 0 0 0 9 8 8 8 6 5 5 5 5 5 5 5 5 5 5 5 5 5 8 8 8 8 8 8 8 0 0 0 0 0 0 0 0 0 0 0 0
0 0 0 0 0 0 0 0 0 0 0 0 0 0 0 0 0 0 0 0 0 0 0 0 0 0 0 0 0 0 0 0 0 0 0 0 0 0 0 0 0 0 0 0 0 0 0 0
0 0 0 0 0 0 0 0 0 0 0 0 0 0 0 0 0 0 0 0 0 0 0 0 0 0 0 0 0 0 0 0 0 0 0 0 0 0 0 0 0 0 0 0 0 0 0 0
0 0 0 0 0 0 0 0 0 0 0 0 0 0 0 0 0 0 0 0 0 0 0 0 0 0 0 0 0 0 0 0 0 0 0 0 0 0 0 0 0 0 0 0 0 0 0 0
0 0 0 0 0 0 0 0 0 0 0 0 0 0 0 0 0 0 0 0 0 0 0 0 0 0 0 0 0 0 0 0 0 0 0 0 0 0 0 0 0 0 0 0 0 0 0 0
