48 48
0 0 0 0 0 0 0 0 0 0 0 0 0 0 0 0 0 0 0 0 0 0 0 0 0 0 0 0 0 0 0 0 0 0 0 0 0 0 0 0 0 0 0 0 0 0 0 0
0 0 0 0 0 0 0 0 0 0 0 0 0 0 0 0 0 0 0 14 6 5 5 5 5 6 5 14 14 0 0 0 0 0 0 0 0 0 0 0 0 0 0 0 0 0 0 0
0 0 0 0 0 0 0 0 0 0 0 0 0 0 0 0 9 5 5 6 5 6 6 6 6 6 6 6 8 11 11 9 0 0 0 0 0 0 0 0 0 0 0 0 0 0 0 0
0 0 0 0 0 0 0 0 0 0 0 0 0 0 0 5 5 5 5 6 5 5 5 5 6 6 5 5 5 6 5 6 5 0 0 0 0 0 0 0 0 0 0 0 0 0 0 0
0 0 0 0 0 0 0 0 0 0 0 0 0 0 0 5 5 5 6 5 5 6 5 6 11 6 5 5 5 5 5 5 6 6 5 0 0 0 0 0 0 0 0 0 0 0 0 0
0 0 0 0 0 0 0 0 0 0 0 0 0 0 0 11 5 5 5 5 5 5 5 5 11 5 5 5 5 6 5 6 5 6 11 0 0 0 0 0 0 0 0 0 0 0 0 0
0 0 0 0 0 0 0 0 0 0 0 0 0 0 0 6 5 5 5 6 6 6 5 6 8 5 5 5 5 5 6 6 6 5 6 0 0 0 0 0 0 0 0 0 0 0 0 0
0 0 0 0 0 0 0 0 0 0 0 0 0 0 5 5 5 5 5 6 5 5 5 6 6 5 5 5 5 11 11 5 6 5 5 5 0 0 0 0 0 0 0 0 0 0 0 0
0 0 0 0 0 0 0 0 0 0 0 0 0 5 5 5 5 5 5 5 6 5 6 6 5 5 5 5 5 5 8 8 8 5 5 6 10 0 0 0 0 0 0 0 0 0 0 0
0 0 0 0 0 0 0 0 0 0 0 0 5 5 5 5 6 5 5 5 6 6 5 5 5 5 5 5 5 5 8 6 5 5 5 5 14 0 0 0 0 0 0 0 0 0 0 0
0 0 0 0 0 0 0 0 0 0 0 0 5 5 6 5 5 4 4 4 5 5 5 5 5 6 6 6 6 6 6 6 6 5 5 5 5 0 0 0 0 0 0 0 0 0 0 0
0 0 0 0 0 0 0 0 0 0 0 10 5 6 6 4 4 4 4 4 4 2 2 4 4 4 4 4 4 4 5 6 6 5 5 6 5 0 0 0 0 0 0 0 0 0 0 0
0 0 0 0 0 0 0 0 0 0 0 5 5 5 4 4 4 4 4 4 4 2 2 2 2 2 2 4 2 2 2 11 11 5 5 5 5 0 0 0 0 0 0 0 0 0 0 0
0 0 0 0 0 0 0 0 0 0 0 5 5 5 4 4 4 4 2 2 4 2 2 2 2 2 2 4 2 2 2 4 5 6 5 5 5 0 0 0 0 0 0 0 0 0 0 0
0 0 0 0 0 0 0 0 0 0 0 5 5 5 4 4 4 4 2 2 2 2 2 2 2 2 4 4 4 2 2 2 5 6 5 5 5 0 0 0 0 0 0 0 0 0 0 0
0 0 0 0 0 0 0 0 0 0 0 5 6 11 4 4 4 4 2 2 2 2 2 2 2 4 4 4 4 4 4 4 4 5 6 5 6 0 0 0 0 0 0 0 0 0 0 0
0 0 0 0 0 0 0 0 0 0 0 5 5 4 4 4 4 4 2 2 4 2 2 2 2 4 4 4 4 4 4 4 2 5 6 5 6 0 0 0 0 0 0 0 0 0 0 0
0 0 0 0 0 0 0 0 0 0 0 5 5 4 4 11 11 4 2 2 2 2 2 2 2 2 4 4 4 4 4 4 2 5 6 5 6 0 0 0 0 0 0 0 0 0 0 0
0 0 0 0 0 0 0 0 0 0 0 5 5 4 5 5 5 5 5 11 4 4 4 2 2 4 11 11 11 5 5 4 2 2 5 5 6 0 0 0 0 0 0 0 0 0 0 0
0 0 0 0 0 0 0 0 0 0 0 5 5 8 4 4 4 11 5 5 5 4 4 4 11 5 5 5 5 5 5 5 2 2 5 5 5 0 0 0 0 0 0 0 0 0 0 0
0 0 0 0 0 0 0 0 0 0 11 5 5 4 4 8 5 5 5 6 6 11 2 4 6 6 6 6 8 8 6 8 4 4 5 5 5 6 0 0 0 0 0 0 0 0 0 0
0 0 0 0 0 0 0 0 0 0 11 6 5 4 11 6 8 5 5 5 6 11 4 8 8 6 6 6 5 5 6 6 11 4 11 5 6 8 0 0 0 0 0 0 0 0 0 0
0 0 0 0 0 0 0 0 0 0 11 8 5 4 4 4 4 4 6 4 4 8 4 8 8 11 4 11 5 11 4 6 6 4 11 5 8 8 0 0 0 0 0 0 0 0 0 0
0 0 0 0 0 0 0 0 0 0 6 11 4 6 4 2 2 2 2 4 4 8 4 4 8 4 4 4 4 4 4 4 4 2 11 5 8 6 0 0 0 0 0 0 0 0 0 0
0 0 0 0 0 0 0 0 0 0 6 11 8 6 4 2 2 2 2 4 4 8 4 4 4 4 4 2 2 2 2 4 4 2 4 8 8 6 0 0 0 0 0 0 0 0 0 0
0 0 0 0 0 0 0 0 0 0 1 11 6 6 4 2 2 2 2 4 11 8 4 4 8 6 4 2 2 2 2 4 4 4 11 8 8 6 0 0 0 0 0 0 0 0 0 0
0 0 0 0 0 0 0 0 0 0 0 11 11 6 4 4 2 2 2 4 8 4 4 4 8 8 11 2 2 2 2 2 2 4 4 8 8 0 0 0 0 0 0 0 0 0 0 0
0 0 0 0 0 0 0 0 0 0 0 5 11 6 8 4 2 2 4 4 8 4 4 4 8 8 6 4 2 2 4 4 4 4 11 8 5 0 0 0 0 0 0 0 0 0 0 0
0 0 0 0 0 0 0 0 0 0 0 0 0 6 6 4 4 4 4 4 11 11 8 8 6 6 11 4 4 4 11 4 4 11 8 5 0 0 0 0 0 0 0 0 0 0 0 0
0 0 0 0 0 0 0 0 0 0 0 0 0 6 6 6 11 11 11 11 4 4 4 11 6 8 6 6 6 6 8 6 6 4 5 0 0 0 0 0 0 0 0 0 0 0 0 0
0 0 0 0 0 0 0 0 0 0 0 0 0 6 6 6 6 6 6 6 4 2 4 4 4 4 4 6 6 6 11 6 6 4 5 0 0 0 0 0 0 0 0 0 0 0 0 0
0 0 0 0 0 0 0 0 0 0 0 0 0 5 6 6 6 6 6 5 8 8 5 5 5 5 5 5 6 6 11 6 6 8 0 0 0 0 0 0 0 0 0 0 0 0 0 0
0 0 0 0 0 0 0 0 0 0 0 0 0 5 6 6 11 4 4 6 9 9 9 9 9 9 6 11 4 4 11 6 6 11 0 0 0 0 0 0 0 0 0 0 0 0 0 0
0 0 0 0 0 0 0 0 0 0 0 0 0 14 6 6 6 11 4 4 8 8 11 11 6 11 11 4 4 4 8 6 6 8 0 0 0 0 0 0 0 0 0 0 0 0 0 0
0 0 0 0 0 0 0 0 0 0 0 0 0 0 5 6 6 8 4 4 4 4 6 6 4 4 4 4 4 4 6 6 6 8 5 0 0 0 0 0 0 0 0 0 0 0 0 0
0 0 0 0 0 0 0 0 0 0 0 0 0 0 0 6 6 6 4 4 2 4 4 6 4 4 4 4 4 6 6 6 5 4 5 0 0 0 0 0 0 0 0 0 0 0 0 0
0 0 0 0 0 0 0 0 0 0 0 0 0 0 0 6 6 6 6 4 2 2 2 4 4 4 4 4 4 11 11 5 6 4 5 0 0 0 0 0 0 0 0 0 0 0 0 0
0 0 0 0 0 0 0 0 0 0 0 0 0 0 0 6 6 5 6 6 4 2 2 4 4 4 4 4 4 11 6 6 6 4 5 0 0 0 0 0 0 0 0 0 0 0 0 0
0 0 0 0 0 0 0 0 0 0 0 0 0 0 0 5 6 6 5 6 6 6 4 4 4 6 6 4 5 6 6 6 6 8 11 0 0 0 0 0 0 0 0 0 0 0 0 0
0 0 0 0 0 0 0 0 0 0 0 0 0 0 5 4 4 4 4 6 5 6 6 6 6 6 6 6 6 6 6 6 6 8 4 5 0 0 0 0 0 0 0 0 0 0 0 0
0 0 0 0 0 0 0 0 0 0 0 0 0 5 8 8 4 4 4 4 6 6 6 6 6 6 6 6 6 6 6 6 6 4 4 0 8 0 0 0 0 0 0 0 0 0 0 0
0 0 0 0 0 0 0 0 0 0 0 0 5 6 6 6 4 4 4 4 4 4 4 4 11 8 6 8 6 6 6 6 6 4 4 0 0 8 0 0 0 0 0 0 0 0 0 0
0 0 0 0 0 0 0 0 0 0 0 5 0 6 6 6 4 4 4 4 4 4 4 4 4 4 6 6 6 6 6 6 6 8 4 0 0 0 6 5 0 0 0 0 0 0 0 0
0 0 0 0 0 0 0 0 0 9 9 0 0 6 8 6 11 4 4 4 4 4 6 4 6 6 6 6 6 6 6 6 6 6 4 0 0 10 8 0 6 0 0 0 0 0 0 0
0 0 0 0 0 0 0 0 0 0 0 0 0 0 0 0 0 0 0 0 0 0 0 0 0 0 0 0 0 0 0 0 0 0 0 0 0 0 0 0 0 0 0 0 0 0 0 0
0 0 0 0 0 0 0 0 0 0 0 0 0 0 0 0 0 0 0 0 0 0 0 0 0 0 0 0 0 0 0 0 0 0 0 0 0 0 0 0 0 0 0 0 0 0 0 0
0 0 0 0 0 0 0 0 0 0 0 0 0 0 0 0 0 0 0 0 0 0 0 0 0 0 0 0 0 0 0 0 0 0 0 0 0 0 0 0 0 0 0 0 0 0 0 0
0 0 0 0 0 0 0 0 0 0 0 0 0 0 0 0 0 0 0 0 0 0 0 0 0 0 0 0 0 0 0 0 0 0 0 0 0 0 0 0 0 0 0 0 0 0 0 0
