48 48
0 0 0 0 0 0 0 0 0 0 0 0 0 0 0 0 0 0 0 0 0 0 0 0 0 0 0 0 0 0 0 0 0 0 0 0 0 0 0 0 0 0 0 0 0 0 0 0
0 0 0 0 0 0 0 0 0 0 0 0 0 0 0 0 0 0 0 0 0 0 0 0 0 0 0 0 0 0 0 0 0 0 0 0 0 0 0 0 0 0 0 0 0 0 0 0
0 0 0 0 0 0 0 0 0 0 0 0 0 0 0 0 0 0 0 0 0 0 0 0 0 0 0 0 0 0 0 0 0 0 0 0 0 0 0 0 0 0 0 0 0 0 0 0
0 0 0 0 0 0 0 0 0 0 0 0 0 0 0 0 0 0 0 0 0 0 0 0 0 0 0 0 0 0 0 0 0 0 0 0 0 0 0 0 0 0 0 0 0 0 0 0
0 0 0 0 0 0 0 0 0 0 0 0 0 0 0 0 0 0 0 0 0 0 0 0 0 0 0 0 0 0 0 0 0 0 0 0 0 0 0 0 0 0 0 0 0 0 0 0
0 0 0 0 0 0 0 0 0 0 0 0 0 0 0 0 0 0 0 0 0 0 0 0 0 0 0 0 0 0 0 0 0 0 0 0 0 0 0 0 0 0 0 0 0 0 0 0
0 0 0 0 0 0 0 0 0 0 0 0 0 0 0 0 0 0 0 0 0 0 0 0 9 9 0 0 0 0 0 0 0 0 0 0 0 0 0 0 0 0 0 0 0 0 0 0
0 0 0 0 0 0 0 0 0 0 0 0 0 0 0 0 0 0 0 0 0 0 0 10 10 9 0 0 0 0 0 0 0 0 0 0 0 0 0 0 0 0 0 0 0 0 0 0
0 0 0 0 0 0 0 0 0 0 0 0 0 0 0 0 0 0 0 0 0 0 0 9 10 10 9 0 0 0 0 0 0 0 0 0 0 0 0 0 0 0 0 0 0 0 0 0
0 0 0 0 10 0 0 0 0 0 0 0 0 0 0 0 0 0 0 0 0 0 0 0 0 0 0 9 0 0 0 0 0 0 0 0 0 0 0 0 0 0 0 0 10 11 0 0
0 0 0 0 10 0 0 0 0 0 0 0 0 0 0 0 0 0 0 0 0 0 0 11 10 0 10 8 11 10 11 10 10 9 0 0 0 0 0 0 0 0 0 0 0 8 9 0
0 0 0 0 10 0 0 0 0 0 0 0 0 0 0 0 0 0 0 10 1 8 11 6 5 1 6 6 1 6 5 5 1 1 11 9 0 0 0 0 0 0 0 0 0 8 9 0
9 9 9 9 10 9 9 9 9 9 9 9 9 9 9 9 9 10 1 6 6 1 1 8 1 1 1 1 1 8 1 8 1 8 1 1 9 9 9 9 9 9 9 9 9 8 9 9
9 9 9 9 10 9 9 9 9 9 9 9 9 9 9 9 10 6 1 1 6 1 1 1 1 1 5 1 1 5 1 1 1 5 1 5 11 9 9 9 9 9 9 9 9 8 9 9
9 9 9 9 10 9 9 9 9 9 9 9 9 9 9 10 5 1 1 1 1 1 11 11 11 11 11 8 8 8 8 8 8 11 11 5 11 9 9 9 9 9 9 9 9 8 9 9
9 9 9 9 10 9 9 9 9 9 9 9 9 9 9 8 6 1 1 8 1 8 2 2 2 2 2 2 2 2 2 4 2 2 2 4 11 9 9 9 9 9 9 9 9 8 9 9
9 9 9 9 10 9 9 9 9 9 9 9 9 9 9 11 1 8 8 8 8 11 4 4 4 4 4 2 2 4 4 2 2 4 4 11 11 9 9 9 9 9 9 9 9 8 9 9
9 9 9 9 10 9 9 9 9 9 9 9 9 9 9 11 1 8 1 8 4 4 11 11 8 1 8 8 11 4 2 4 8 1 6 11 11 9 9 9 9 9 9 9 9 8 9 9
9 9 9 9 10 9 9 9 9 9 9 9 9 9 10 11 4 4 11 8 4 4 11 10 10 8 5 11 11 4 4 11 10 1 11 11 11 9 9 9 9 9 9 9 9 8 9 9
9 9 9 9 10 9 9 9 9 9 9 9 9 9 9 11 4 4 4 11 4 2 4 2 2 4 4 2 2 4 2 2 2 4 2 4 11 9 9 9 9 9 9 9 9 8 9 9
9 9 9 9 10 9 9 9 9 9 9 9 9 9 9 9 10 4 11 11 4 4 4 4 4 2 2 4 4 4 11 4 4 2 2 11 11 9 9 9 9 9 9 9 9 8 9 9
9 9 9 9 10 9 9 9 9 9 9 9 9 9 9 9 9 9 9 11 8 11 4 4 4 4 4 4 4 4 4 4 4 4 4 8 9 9 9 9 9 9 9 9 9 8 9 9
9 9 9 9 10 9 9 9 9 9 9 9 9 9 9 9 9 9 9 9 10 11 8 11 11 4 4 4 4 11 4 4 4 11 11 9 9 9 9 9 9 9 9 9 9 8 9 9
9 9 9 9 10 9 9 9 9 9 9 9 9 9 9 9 9 10 10 11 11 11 6 8 8 8 8 11 11 8 11 11 11 10 9 9 9 9 9 9 9 9 9 9 9 8 9 9
9 9 9 9 10 9 9 9 9 9 9 9 9 9 11 8 12 12 12 12 12 12 12 8 8 8 8 8 1 8 12 12 12 4 10 10 4 10 9 9 9 9 9 9 9 8 9 9
9 9 9 9 10 9 9 9 9 9 9 9 10 11 4 11 8 8 11 8 8 12 12 4 12 11 11 12 12 4 12 8 12 6 6 11 4 2 8 9 9 9 9 9 9 8 9 9
9 9 9 9 10 9 9 9 9 9 9 9 8 4 2 11 11 9 9 8 8 12 12 12 12 12 4 4 12 12 11 8 8 11 11 11 4 11 10 9 9 9 9 9 9 8 9 9
9 9 9 9 10 9 9 9 9 9 9 11 4 2 4 11 10 9 9 11 8 12 12 12 12 12 4 11 12 12 6 9 9 10 4 4 4 10 9 9 9 9 9 9 9 8 9 9
9 9 9 9 10 9 9 9 9 9 9 11 11 4 4 11 11 9 9 8 12 12 12 12 12 12 11 4 11 8 11 4 9 9 9 9 9 9 9 9 9 9 9 9 9 8 9 9
9 9 9 9 10 9 9 9 9 9 9 9 10 10 10 9 9 9 10 8 11 4 10 10 9 9 9 10 11 4 4 4 11 10 9 9 9 9 9 9 9 9 9 9 9 8 9 9
9 9 9 9 10 9 9 9 9 9 9 9 9 9 9 9 9 9 9 10 10 9 9 9 9 9 9 8 1 8 8 8 11 9 9 9 9 9 9 9 9 9 9 9 9 8 9 9
9 9 9 9 10 9 9 9 9 9 9 9 9 9 9 9 9 9 9 9 9 11 8 11 11 11 11 6 12 12 12 11 9 9 9 9 9 9 9 9 9 9 9 9 9 8 9 9
9 9 9 9 11 11 10 10 10 10 10 10 10 10 10 10 10 10 0 10 10 8 8 4 10 11 11 4 4 11 8 10 10 10 10 10 10 10 10 10 10 10 10 10 11 8 9 9
9 9 9 9 11 10 10 10 10 10 10 10 10 10 10 10 10 11 11 8 8 8 8 11 11 8 11 10 9 9 11 11 10 10 10 10 10 10 10 10 10 10 10 10 11 8 9 9
9 9 9 9 11 10 10 10 10 10 10 10 10 10 10 10 11 11 9 10 11 8 8 8 10 10 10 11 11 10 8 11 10 10 10 10 10 10 10 10 10 10 10 10 11 8 9 9
9 9 9 9 11 11 0 0 0 10 10 10 10 10 10 0 10 8 11 9 10 1 10 10 10 10 0 10 10 0 10 10 0 10 0 10 10 10 10 10 0 0 0 0 11 8 9 9
9 9 9 9 11 11 10 10 10 10 10 10 10 10 10 10 10 11 11 11 11 11 0 0 10 10 0 0 0 0 10 10 10 10 10 10 10 10 10 10 10 10 10 10 11 8 9 9
9 9 9 9 11 10 10 10 10 10 10 10 10 11 11 11 11 11 11 11 11 11 11 11 10 11 11 11 11 11 11 11 11 11 0 10 10 10 10 10 10 10 10 10 11 8 9 9
9 9 9 9 11 11 0 0 0 0 0 0 0 11 11 11 11 11 11 11 11 11 11 11 10 10 11 11 11 11 11 0 11 11 11 0 0 0 0 0 0 0 0 0 11 1 9 9
9 9 9 9 10 10 10 10 10 10 10 10 10 10 10 10 10 10 10 10 10 10 10 10 10 10 10 10 10 10 10 10 10 10 10 10 10 10 10 10 10 10 10 10 10 10 9 9
9 9 9 9 9 9 9 9 9 9 9 9 9 9 9 9 9 9 9 9 9 9 9 9 9 9 9 9 9 9 9 9 9 9 9 9 9 9 9 9 9 9 9 9 9 9 9 9
9 9 9 9 9 9 9 9 9 9 9 9 9 9 9 9 9 9 9 9 9 9 9 9 9 9 9 9 9 9 9 9 9 9 9 9 9 9 9 9 9 9 9 9 9 9 9 9
9 9 9 9 9 9 9 9 9 9 9 9 9 9 9 9 9 9 9 9 9 9 9 9 9 9 9 9 9 9 9 9 9 9 9 9 9 9 9 9 9 9 9 9 9 9 9 9
9 9 9 9 9 9 9 9 9 9 9 9 9 9 9 9 9 9 9 9 9 9 9 9 9 9 9 9 9 9 9 9 9 9 9 9 9 9 9 9 9 9 9 9 9 9 9 9
9 9 9 9 9 9 9 9 9 9 9 9 9 9 9 9 9 9 9 9 9 9 9 9 9 9 9 9 9 9 9 9 9 9 9 9 9 9 9 9 9 9 9 9 9 9 9 9
9 9 9 9 9 9 9 9 9 9 9 9 9 9 9 9 9 9 9 9 9 9 9 9 9 9 9 9 9 9 9 9 9 9 9 9 9 9 9 9 9 9 9 9 9 9 9 9
9 9 9 9 9 9 9 9 9 9 9 9 9 9 9 9 9 9 9 9 9 9 9 9 9 9 9 9 9 9 9 9 9 9 9 9 9 9 9 9 9 9 9 9 9 9 9 9
9 9 9 9 9 9 9 9 9 9 9 9 9 9 9 9 9 9 9 9 9 9 9 9 9 9 9 9 9 9 9 9 9 9 9 9 9 9 9 9 9 9 9 9 9 9 9 9
